4100110010
2010100101
1001100010
4100110010
0110101011
5110010011
1001100010
6001011011
2010100101
3011010100
2010100101
9110110100
8110111011
5110010011
3011010100
4100110010
9110110100
2010100101
8110111011
3011010100
0110101011
0110101011
8110111011
7011001000
5110010011
9110110100
6001011011
9110110100
9110110100
3011010100
8110111011
2010100101
7011001000
8110111011
0110101011
8110111011
6001011011
3011010100
5110010011
0110101011
3011010100
2010100101
2010100101
3011010100
8110111011
4100110010
6001011011
0110101011
9110110100
1001100010
1001100010
6001011011
4100110010
1001100010
8110111011
2010100101
6001011011
9110110100
4100110010
8110111011
8110111011
0110101011
3011010100
1001100010
5110010011
9110110100
0110101011
6001011011
1001100010
4100110010
9110110100
7011001000
5110010011
7011001000
6001011011
1001100010
2010100101
3011010100
5110010011
7011001000
5110010011
0110101011
2010100101
4100110010
3011010100
5110010011
9110110100
7011001000
7011001000
1001100010
7011001000
0110101011
7011001000
1001100010
6001011011
4100110010
4100110010
7011001000
5110010011
6001011011
