4110110010
2010000101
1011100010
4100110110
0100101011
5110110011
1001100110
6000011011
2010101101
3011011100
2010110101
9111110100
8110101011
5111010011
3011010000
4101110010
9110100100
2010101101
8100111011
3011011100
0110101111
0100101011
8110111001
7011101000
5111010011
9110110000
6001010011
9100110100
9110111100
3011110100
8110111111
2011100101
7111001000
8110011011
0110100011
8100111011
6001011001
3010010100
5010010011
0110101001
3111010100
2011100101
2010110101
3111010100
8110111111
4101110010
6001011111
0111101011
9110111100
1011100010
1001000010
6001011111
4110110010
1001110010
8110011011
2010101101
6101011011
9100110100
4100100010
8110110011
8111111011
0110111011
3011110100
1001100000
5110010010
9111110100
0110101010
6001111011
1001100110
4100110011
9110111100
7010001000
5110010001
7011011000
6001111011
1011100010
2010100100
3001010100
5110010111
7011001010
5111010011
0110100011
2011100101
4100110110
3001010100
5110110011
9110110101
7011001010
7011101000
1001000010
7011000000
0110101001
7001001000
1001000010
6001011111
4100110110
4101110010
7010001000
5110010001
6001011010
