4110100010
2010000001
1111100010
4101110110
0100111011
5110110001
1001100111
6010011011
2010111101
3011011101
2010010101
9111111100
8110101001
5101010011
3011010001
4111110010
9110101100
2011101101
8100111111
3011011000
0110001111
0100101001
8110101001
7011101100
5111010010
9100110000
6001000011
9100100100
9110111000
3010110100
8111111111
2011100111
7111001100
8110010011
0110100010
8000111011
6001111001
3010000100
5010000011
0110001001
3111010000
2011100100
2110110101
3111110100
8110111101
4101010010
6001001111
0111101001
9100111100
1011101010
1001010010
6001011110
4111110010
1011110010
8110011001
2010001101
6101011010
9100100100
4101100010
8110110111
8111111111
0110011011
3011110110
1001101000
5111010010
9111110000
0100101010
6001111010
1000100110
4100111011
9111111100
7010001010
5110110001
7010011000
6001111001
1011101010
2010101100
3001110100
5110010110
7011001110
5111110011
0110100010
2011110101
4100100110
3000010100
5110110010
9100110101
7010001010
7011101010
1001001010
7011000001
0111101001
7001000000
1001000110
6001111111
4100110111
4101110000
7010101000
5110000001
6011011010