4110100011
2010000011
1111101010
4101110111
0100111111
5110111001
1011100111
6010011111
2010111111
3111011101
2010010111
9111111110
8110001001
5101000011
3010010001
4111100010
9110101000
2011111101
8100101111
3011011010
0100001111
0100001001
8110101000
7011101110
5111011010
9101110000
6011000011
9100100110
9111111000
3010110101
8111111101
2011100110
7110001100
8010010011
0110000010
8000111001
6001110001
3000000100
5010000001
0110001101
3111110000
2011101100
2110110111
3111111100
8111111101
4101010011
6001101111
0111101001
9100111100
1011101010
1001010010
6001011110
4111110010
1011110010
8110011001
2010001101
6101011010
9100100100
4101100110
8110110110
8111101111
0110011001
3011111110
1001111000
5111110010
9111110001
0100111010
6001111000
1000110110
4101111011
9111111101
7010011010
5110110101
7010011001
6001110001
1011001010
2010111100
3001111100
5110110110
7010001110
5111110111
0110100110
2011110100
4110100110
3000110100
5110110110
9100110111
7010011010
7011101110
1001001011
7010000001
0111111001
7001000010
1001010110
6001111110
4100010111
4101110001
7010111000
5110000101
6011011000