4110100111
2010010011
1111101011
4111110111
0101111111
5110111101
1011110111
6010111111
2010111011
3111011111
2010011111
9011111110
8111001001
5101000111
3010010011
4111000010
9111101000
2011111111
8101101111
3111011010
0100011111
0100001101
8110101100
7111101110
5111111010
9101110010
6011000111
9100100111
9111101000
3010111101
8111101101
2011101110
7110001101
8011010011
0100000010
8000111101
6001110101
3000000101
5011000001
0010001101
3111110010
2111101100
2110111111
3111101100
8111110101
4101010111
6001100111
0111101101
9100111101
1011101110
1001011010
6001111110
4111110110
1011110011
8111011001
2011001101
6101011110
9100100101
4101100111
8111110110
8111001111
0110011101
3011111111
1011111000
5111111010
9111110011
0101111010
6011111000
1100110110
4101111001
9111111001
7010011110
5100110101
7010111001
6011110001
1011011010
2000111100
3001111110
5111110110
7010011110
5111110110
0111100110
2011110110
4110100111
3000111100
5111110110
9100110011
7010011110
7011101111
1011001011
7010000011
0111111101
7001000110
1011010110
6101111110
4100011111
4101110101
7010111001
5110000100
6011111000