4110100101
2010011011
1111111011
4111111111
0101110111
5111111101
1011111111
6010111110
2011111011
3111111111
2011011111
9011101110
8111001101
5101000101
3010110011
4111000110
9111101010
2011111011
8101001111
3111011011
0100010111
0100011101
8111101100
7110101110
5111111110
9101111010
6011100111
9100101111
9111101001
3110111101
8111101100
2011111110
7110001111
8011010010
0100010010
8000101101
6001110100
3000000111
5011001001
0010011101
3111110011
2111101110
2110111110
3110101100
8111110100
4101011111
6001100101
0111111101
9101111101
1011111110
1101011010
6011111110
4111111110
1011110111
8101011001
2111001101
6101111110
9100100111
4111100111
8101110110
8111001101
0110011100
3011111011
1011111001
5111111110
9111111011
0101111110
6011110000
1110110110
4111111001
9011111001
7010111110
5100111101
7010111011
6011110101
1011011011
2000111110
3001101110
5111111110
7010011111
5111111110
0111000110
2011111110
4111100111
3000111101
5111111110
9100111011
7110011110
7011111111
1011001111
7010100011
0111111100
7001000111
1011011110
6111111110
4101011111
4101111101
7010111101
5110100100
6011111100