4110101101
2010011010
1111111111
4111111101
0101110110
5111111100
1011011111
6010101110
2011111010
3111101111
2001011111
9011001110
8111000101
5101100101
3010111011
4111000111
9111101011
2011111010
8101001101
3111111011
0101010111
0100010101
8111100100
7110101111
5111111100
9101011010
6010100111
9101101111
9101101001
3110111111
8111100100
2011011110
7110011111
8011010110
0100010110
8001101101
6011110100
3000100111
5011001101
0000011101
3110110011
2111111110
2111111110
3110101110
8111100100
4101011101
6001100100
0101110101
9101111011
1011011111
1111011110
6011100110
4111101111
1011011111
8101011100
2111001011
6101101100
9100101011
4111101111
8101100110
8111001100
0111011100
3111111011
1011011001
5111111100
9101111011
0101110110
6011110100
1110110111
4111111101
9011101001
7010111111
5100101101
7010111111
6011100101
1111011011
2001111110
3000101110
5111111100
7010010111
5111111100
0111010110
2011111010
4011100111
3000101101
5111111100
9101111011
7110011111
7111111111
1011011111
7110100011
0111110100
7001010111
1011011111
6111101110
4111011111
4111111101
7010110101
5110101100
6111111100
