4111101101
2011011010
1110111111
4111101101
0101110100
5111101100
1011011101
6010101100
2011011010
3110101111
2001011110
9011001111
8101000101
5101101101
3010101011
4111001111
9101101011
2111111010
8001001101
3111101011
0101010101
0101010101
8111000100
7110111111
5111101100
9101011011
6010100101
9101101011
9101101011
3100111111
8111000100
2011011010
7110111111
8011000110
0100010100
8001100101
6011100100
3000101111
5011001100
0000010101
3110100011
2111011110
2101111110
3110101111
8111000100
4101001101
6011100100
0101010101
9101101011
1111011111
1111011111
6111100110
4111001111
1011011101
8101001100
2111011011
6111101100
9101101011
4111101101
8101000110
8111000100
0101011100
3110111011
1011011101
5111101100
9101011011
0001110110
6011100100
1110111111
4011111101
9011001001
7110111111
5101101101
7010110111
6011100100
1111011111
2101111110
3000101111
5101111100
7010110111
5101111100
0011010110
2111111010
4011101111
3000101111
5101111100
9101011011
7110111111
7110111111
1111011111
7110110011
0111010100
7001110111
1010011111
6111101100
4111001111
4111101101
7010110111
5111101100
6111110100
