4111001101
2111011010
1110011111
4111001101
0101010100
5101101100
1010011101
6110101100
2111011010
3100101111
2101011110
9001001111
8001000101
5001101101
3000101011
4111001101
9101001011
2111011010
8001000101
3101101011
0101010100
0001010101
8101000100
7110110111
5101101100
9101001011
6110100101
9001101011
9101001011
3100101111
8011000100
2001011010
7100111111
8011000100
0101010100
8001000101
6010100100
3000101011
5011001100
0001010101
3110101011
2101011110
2101111010
3100101111
8101000100
4001001101
6111100100
0001010101
9101001011
1110011111
1111011101
6111100100
4011001111
1111011101
8001001100
2111011010
6110101100
9101001011
4111001101
8001000110
8101000100
0101010100
3100111011
1010011101
5101101100
9101001011
0001010110
6010100100
1110011111
4011101101
9011001011
7100111111
5101101100
7000110111
6010100100
1110011111
2101011110
3000101011
5101101100
7110110111
5101101100
0011010100
2111011010
4011001111
3000101011
5101101100
9001011011
7110110111
7100111111
1111011101
7110110111
0101010100
7000110111
1010011101
6111100100
4111001101
4111001101
7110110111
5101101100
6111100100
