4011001101
2101011010
1110011101
4011001101
0001010100
5001101100
1110011101
6110100100
2101011010
3100101011
2101011010
9001001011
8001000100
5001101100
3100101011
4011001101
9001001011
2101011010
8001000100
3100101011
0001010100
0001010100
8001000100
7100110111
5001101100
9001001011
6110100100
9001001011
9001001011
3100101011
8001000100
2101011010
7100110111
8001000100
0001010100
8001000100
6110100100
3100101011
5001101100
0001010100
3100101011
2101011010
2101011010
3100101011
8001000100
4011001101
6110100100
0001010100
9001001011
1110011101
1110011101
6110100100
4011001101
1110011101
8001000100
2101011010
6110100100
9001001011
4011001101
8001000100
8001000100
0001010100
3100101011
1110011101
5001101100
9001001011
0001010100
6110100100
1110011101
4011001101
9001001011
7100110111
5001101100
7100110111
6110100100
1110011101
2101011010
3100101011
5001101100
7100110111
5001101100
0001010100
2101011010
4011001101
3100101011
5001101100
9001001011
7100110111
7100110111
1110011101
7100110111
0001010100
7100110111
1110011101
6110100100
4011001101
4011001101
7100110111
5001101100
6110100100
